-0.556022 0.556022 -0.617802
-0.461566 0.593442 -0.65938
-0.348367 0.62706 -0.696733
-0.217643 0.652929 -0.725476
-0.0741249 0.667124 -0.741249
0.0741249 0.667124 -0.741249
0.217643 0.652929 -0.725476
0.348367 0.62706 -0.696733
0.461566 0.593442 -0.65938
0.556022 0.556022 -0.617802
-0.593442 0.461566 -0.65938
-0.497468 0.497468 -0.710669
-0.379049 0.530669 -0.758098
-0.238667 0.55689 -0.795557
-0.0816497 0.571548 -0.816497
0.0816497 0.571548 -0.816497
0.238667 0.55689 -0.795557
0.379049 0.530669 -0.758098
0.497468 0.497468 -0.710669
0.593442 0.461566 -0.65938
-0.62706 0.348367 -0.696733
-0.530669 0.379049 -0.758098
-0.408248 0.408248 -0.816497
-0.259161 0.431934 -0.863868
-0.0890871 0.445435 -0.890871
0.0890871 0.445435 -0.890871
0.259161 0.431934 -0.863868
0.408248 0.408248 -0.816497
0.530669 0.379049 -0.758098
0.62706 0.348367 -0.696733
-0.652929 0.217643 -0.725476
-0.55689 0.238667 -0.795557
-0.431934 0.259161 -0.863868
-0.276172 0.276172 -0.920575
-0.0953463 0.286039 -0.953463
0.0953463 0.286039 -0.953463
0.276172 0.276172 -0.920575
0.431934 0.259161 -0.863868
0.55689 0.238667 -0.795557
0.652929 0.217643 -0.725476
-0.667124 0.0741249 -0.741249
-0.571548 0.0816497 -0.816497
-0.445435 0.0890871 -0.890871
-0.286039 0.0953463 -0.953463
-0.0990148 0.0990148 -0.990148
0.0990148 0.0990148 -0.990148
0.286039 0.0953463 -0.953463
0.445435 0.0890871 -0.890871
0.571548 0.0816497 -0.816497
0.667124 0.0741249 -0.741249
-0.667124 -0.0741249 -0.741249
-0.571548 -0.0816497 -0.816497
-0.445435 -0.0890871 -0.890871
-0.286039 -0.0953463 -0.953463
-0.0990148 -0.0990148 -0.990148
0.0990148 -0.0990148 -0.990148
0.286039 -0.0953463 -0.953463
0.445435 -0.0890871 -0.890871
0.571548 -0.0816497 -0.816497
0.667124 -0.0741249 -0.741249
-0.652929 -0.217643 -0.725476
-0.55689 -0.238667 -0.795557
-0.431934 -0.259161 -0.863868
-0.276172 -0.276172 -0.920575
-0.0953463 -0.286039 -0.953463
0.0953463 -0.286039 -0.953463
0.276172 -0.276172 -0.920575
0.431934 -0.259161 -0.863868
0.55689 -0.238667 -0.795557
0.652929 -0.217643 -0.725476
-0.62706 -0.348367 -0.696733
-0.530669 -0.379049 -0.758098
-0.408248 -0.408248 -0.816497
-0.259161 -0.431934 -0.863868
-0.0890871 -0.445435 -0.890871
0.0890871 -0.445435 -0.890871
0.259161 -0.431934 -0.863868
0.408248 -0.408248 -0.816497
0.530669 -0.379049 -0.758098
0.62706 -0.348367 -0.696733
-0.593442 -0.461566 -0.65938
-0.497468 -0.497468 -0.710669
-0.379049 -0.530669 -0.758098
-0.238667 -0.55689 -0.795557
-0.0816497 -0.571548 -0.816497
0.0816497 -0.571548 -0.816497
0.238667 -0.55689 -0.795557
0.379049 -0.530669 -0.758098
0.497468 -0.497468 -0.710669
0.593442 -0.461566 -0.65938
-0.556022 -0.556022 -0.617802
-0.461566 -0.593442 -0.65938
-0.348367 -0.62706 -0.696733
-0.217643 -0.652929 -0.725476
-0.0741249 -0.667124 -0.741249
0.0741249 -0.667124 -0.741249
0.217643 -0.652929 -0.725476
0.348367 -0.62706 -0.696733
0.461566 -0.593442 -0.65938
0.556022 -0.556022 -0.617802
